0,507
130,48
130,47
130,46
0,503
0,502
172,25
172,24
172,23
172,22
172,21
172,20
172,19
172,18
172,17
172,16
172,15
172,14
172,13
172,12
172,11
172,10
172,9
172,8
172,7
172,6
172,5
172,4
172,3
172,2
172,1
172,0
170,25
171,25
171,24
171,23
171,22
171,21
171,20
171,19
171,18
171,17
171,16
171,15
171,14
171,13
171,12
171,11
171,10
171,9
171,8
171,7
171,6
171,5
171,4
171,3
171,2
171,1
171,0
169,26
169,25
127,25
0,500
130,45
130,44
0,498
0,492
170,24
170,23
170,22
170,21
170,20
170,19
170,18
170,17
170,16
170,15
170,14
170,13
170,12
170,11
170,10
170,9
170,8
170,7
170,6
170,5
170,4
170,3
170,2
170,1
170,0
168,24
0,491
169,24
169,23
169,22
169,21
169,20
169,19
169,18
169,17
169,16
169,15
169,14
169,13
169,12
169,11
169,10
169,9
169,8
169,7
169,6
169,5
169,4
169,3
169,2
169,1
169,0
167,25
167,24
127,24
130,43
130,42
168,23
168,22
168,21
168,20
168,19
168,18
168,17
168,16
168,15
168,14
168,13
168,12
168,11
168,10
168,9
168,8
168,7
168,6
168,5
168,4
168,3
168,2
168,1
168,0
166,23
167,23
167,22
167,21
167,20
167,19
167,18
167,17
167,16
167,15
167,14
167,13
167,12
167,11
167,10
167,9
167,8
167,7
167,6
167,5
167,4
167,3
167,2
167,1
167,0
165,24
165,23
127,23
130,41
130,40
166,22
166,21
166,20
166,19
166,18
166,17
166,16
166,15
166,14
166,13
166,12
166,11
166,10
166,9
166,8
166,7
166,6
166,5
166,4
166,3
166,2
166,1
166,0
164,22
0,474
0,471
0,464
0,461
165,22
165,21
165,20
165,19
165,18
165,17
165,16
165,15
165,14
165,13
165,12
165,11
165,10
165,9
165,8
165,7
165,6
165,5
165,4
165,3
165,2
165,1
165,0
163,23
163,22
127,22
0,460
130,39
130,38
0,547
0,459
0,512
164,21
164,20
164,19
164,18
164,17
164,16
164,15
164,14
164,13
164,12
164,11
164,10
164,9
164,8
164,7
164,6
164,5
164,4
164,3
164,2
164,1
164,0
162,21
163,21
163,20
163,19
163,18
163,17
163,16
163,15
163,14
163,13
163,12
163,11
163,10
163,9
163,8
163,7
163,6
163,5
163,4
163,3
163,2
163,1
163,0
161,22
161,21
127,21
0,451
